Testing expm1 function:
0
1.71828183
-0.632120559
6.3890561
-0.864664717
0.000100005
-9.99950002e-05
0.105170918
-0.095162582
-0.550671036
-0.503414696
-0.451188364
-0.39346934
-0.329679954
-0.259181779
-0.181269247
0.221402758
0.349858808
0.491824698
0.648721271
0.8221188
1.01375271
1.22554093
1.45960311
22.1406926
-0.956786082
3.81047738
-0.792120424
1.19328005
-0.544061872
19.0855369
-0.950212932
53.59815
-0.981684361
147.413159
-0.993262053
402.428793
-0.997521248
1095.63316
-0.999088118
2979.95799
-0.999664537
8102.08393
-0.99987659
22025.4658
11.182494
28.9641
199.33681
491.749041
1210.96707
7330.97354
18032.7449
44354.8551
3.67392879
-0.786047232
16.2187688
-0.941923838
2645.51775
-0.999622145
42.4669118
-0.976993995
2.68811714e+43
1.33143314e+44
inf
inf
inf
-1
nan
-0
